phase-firstepochs	1	156	180	311	466	621	776	931	1086	1241	1396	1401
l1-alphas	0.5	0.496794871795	0.496794871795	0.249196141479	0.166309012876	0.124798711755	0.0998711340206	0.0832438238453	0.0713627992634	0.0624496373892	0.0555157593123	0
l2-alphas	0.5	0.496794871795	0.496794871795	0.249196141479	0.166309012876	0.124798711755	0.0998711340206	0.0832438238453	0.0713627992634	0.0624496373892	0.0555157593123	0
sem-alphas	0.5	0.496794871795	0.496794871795	0.249196141479	0.166309012876	0.124798711755	0.0998711340206	0.0832438238453	0.0713627992634	0.0624496373892	0.0555157593123	0
l1l2-assoc-alphas	0.5	0.496794871795	0.496794871795	0.249196141479	0.166309012876	0.124798711755	0.0998711340206	0.0832438238453	0.0713627992634	0.0624496373892	0.0555157593123	0
sl1-assoc-alphas	0.5	0.496794871795	0.496794871795	0.249196141479	0.166309012876	0.124798711755	0.0998711340206	0.0832438238453	0.0713627992634	0.0624496373892	0.0555157593123	0
sl2-assoc-alphas	0.5	0.496794871795	0.496794871795	0.249196141479	0.166309012876	0.124798711755	0.0998711340206	0.0832438238453	0.0713627992634	0.0624496373892	0.0555157593123	0
l1-ncs	3	3.0	3.0	2.0	2.0	1.0	1.0	1.0	1.0	1.0	1.0	0
l2-ncs	0	0	3	3.0	2.0	2.0	1.0	1.0	1.0	1.0	1.0	0
sem-ncs	3	3.0	3.0	2.0	2.0	1.0	1.0	1.0	1.0	1.0	1.0	0
l1-running	1	1	1	1	1	1	1	1	1	1	1
l2-running	0	0	1	1	1	1	1	1	1	1	1
sem-running	1	1	1	1	1	1	1	1	1	1	1
l1l2-assoc-running	0	0	1	1	1	1	1	1	1	1	1
sl1-assoc-running	1	1	1	1	1	1	1	1	1	1	1
sl2-assoc-running	0	0	1	1	1	1	1	1	1	1	1
